-58.33  048.04  028.93  -38.86  058.92  026.81 -24.79  -15.15  -68.73  -26.82  -44.11  -41.61
-89.12  -14.40  060.68  -20.67  015.95  015.01 -03.44  016.17  -78.06  -33.57  -52.80  -19.67
-94.75  -02.30  050.96  037.18  067.20  083.99 096.62  003.92  -77.00  -18.54  -94.27  -26.18
-78.09  -00.69  064.15  011.97  022.30  025.61 099.58  003.92  -99.65  -10.87  -68.97  -15.85
-78.26  -14.19  075.85  -18.18  028.59  015.01 094.51  025.38  -99.65  -23.79  -57.93  -16.46
-66.88  -14.19  066.34  -09.36  025.70  020.99 094.51  019.55  -99.65  -06.72  -63.35  -16.46
-66.88  -14.19  066.34  -09.36  025.70  013.75 090.68  019.55  -99.65  -13.69  -63.35  -16.46
-96.10  -02.30  082.47  037.18  067.20  077.80 096.62  003.92  -77.00  -18.54  -77.56  -09.69
-86.41  -14.19  066.34  -09.36  033.49  013.75 090.68  017.08  -99.65  -14.23  -63.35  -24.26
-89.12  -14.40  061.22  -20.67  022.33  015.01 070.39  034.24  -91.68  -23.79  -52.80  -16.01
-78.09  -02.09  064.15  030.65  022.30  025.51 097.40  003.92  -99.65  -13.92  -68.97  -15.85
-72.81  -15.49  064.15  011.97  024.73  026.24 099.58  017.08  -99.65  -14.23  -68.97  -15.85
-66.88  -14.19  066.34  -09.36  025.70  013.75 090.68  019.55  -99.65  -13.69  -63.35  -16.46
-98.87  -02.30  082.47  045.90  073.87  077.80 097.40  003.92  -77.00  -18.54  -74.98  013.69
-78.09  -02.09  064.15  030.65  055.40  030.16 097.40  003.92  -77.00  -18.54  -68.97  013.69
-62.01  -14.19  066.34  -09.36  025.70  013.75 090.68  019.55  -99.65  -14.23  -63.35  -16.46
-72.81  -15.49  064.15  011.97  024.73  026.24 099.58  017.08  -99.65  -14.23  -68.97  -15.85
-89.12  -14.40  060.68  -20.67  015.95  015.01 -03.44  016.17  -78.06  -33.57  -52.80  -24.60
-98.87  -02.30  082.47  037.18  073.87  077.80 096.62  003.92  -77.00  -18.54  -74.98  -09.69
-72.81  -15.77  064.15  011.97  030.46  013.75 090.68  017.08  -99.65  -14.23  -68.97  -15.85
-89.12  -14.40  059.62  -20.67  015.95  027.00 -03.44  016.17  -78.06  -33.57  -52.80  -24.60
-89.12  -14.40  064.78  -43.96  015.95  026.81 -03.44  -05.64  -78.06  -33.57  -42.57  -24.60
-58.33  076.18  023.44  -38.86  069.71  023.47 -21.74  -49.78  -99.96  -20.79  -59.51  -50.23
-89.12  -14.40  061.22  -20.67  022.33  015.01 070.39  034.24  -91.68  -23.79  -52.80  -16.01
-78.09  -02.09  064.15  030.65  029.29  025.51 097.40  003.92  -99.65  -13.92  -68.97  -15.85
-78.09  -02.09  064.15  030.65  029.29  025.51 097.40  003.92  -99.65  -13.92  -68.97  -15.85
-78.09  -00.69  064.15  030.65  022.30  025.61 097.40  003.92  -99.65  -10.87  -68.97  -15.85
-89.12  -14.40  060.68  -20.67  015.95  015.01 -03.44  016.17  -78.06  -33.57  -52.80  -24.60
-89.12  -14.40  059.62  -20.67  015.95  027.00 -03.44  016.17  -78.06  -33.57  -52.80  -24.60
-78.09  -02.09  064.15  030.65  022.30  025.51 097.40  003.92  -99.65  -10.87  -68.97  -15.85
-86.41  -14.19  066.34  -09.36  033.49  013.75 090.68  017.08  -99.65  -14.23  -63.35  -24.26
-72.81  -15.77  064.15  011.97  030.46  013.75 090.68  017.08  -99.65  -14.23  -68.97  -15.85



029.38  -93.26  -07.31  003.11  -95.39  082.56 -30.64  000.25  068.59  099.41  004.14  -27.21
006.98  -93.26  -07.31  -28.31  -96.52  076.38 -26.75  002.13  061.87  070.99  000.55  -18.74
086.25  -91.61  -12.35  067.65  -49.11  005.27 -67.20  -80.86  077.45  098.40  -62.70  026.05
059.02  -32.54  -29.83  059.65  002.45  -13.72 -93.47  -90.90  072.54  091.10  -08.12  052.85
010.14  -58.92  -06.03  026.35  -80.11  003.38 -62.65  -51.72  086.40  099.90  -47.56  -05.56
048.63  -64.72  -08.88  017.01  -85.20  085.96 -72.84  -36.00  089.76  087.73  -20.33  -47.16
006.98  -93.26  -07.31  -28.31  -96.52  076.38 -31.46  002.13  048.13  070.99  000.55  -13.92
048.63  -64.72  -08.88  006.00  -85.20  085.96 -64.59  -43.50  089.76  094.15  -20.33  -47.16
062.88  -32.59  -00.84  059.65  002.45  -13.72 -93.47  -96.99  072.54  091.10  -20.56  071.40
048.63  -64.72  -08.88  006.00  -85.20  085.96 -72.84  -43.50  089.76  087.73  -20.33  -47.16
068.10  -96.26  028.83  065.50  -87.35  005.22 -67.20  -80.86  077.86  099.83  -62.70  011.81
048.63  -64.72  -21.27  006.00  -85.20  085.96 -64.59  -33.86  089.76  094.15  -56.97  -44.06
048.63  -64.72  -08.88  006.00  -85.20  085.96 -64.59  -43.50  089.76  094.15  -37.90  -44.06
079.28  -81.69  -00.28  060.28  -18.91  005.27 -67.20  -94.29  075.05  091.10  -48.31  029.57
046.69  -62.50  -12.43  -02.67  -94.41  096.28 -71.92  -10.44  054.39  086.23  -07.99  -47.16
038.54  -90.75  -11.34  009.16  -91.14  096.28 -69.71  -10.44  064.38  090.04  -07.99  -32.52